50 2 1
0.165566 0.290300 
0.334195 
0.442505 0.326290 
0.549796 
0.240074 0.510770 
0.564377 
0.128367 0.073133 
0.147738 
0.005493 0.525924 
0.525953 
0.190534 0.156805 
0.246761 
0.235160 0.646868 
0.688287 
0.021972 0.674154 
0.674512 
0.326225 0.285309 
0.433387 
0.358211 0.302559 
0.468890 
0.479083 0.359710 
0.599092 
0.125327 0.533175 
0.547706 
0.612555 0.051879 
0.614748 
0.338604 0.514063 
0.615559 
0.553959 0.400307 
0.683459 
0.445034 0.002619 
0.445042 
0.666478 0.648934 
0.930220 
0.294223 0.332913 
0.444295 
0.652106 0.698652 
0.955697 
0.620982 0.193820 
0.650527 
0.009487 0.309454 
0.309599 
0.595265 0.317298 
0.674550 
0.184730 0.451859 
0.488162 
0.168457 0.660499 
0.681643 
0.560973 0.219801 
0.602498 
0.266280 0.330584 
0.424489 
0.404322 0.455774 
0.609267 
0.442764 0.337065 
0.556465 
0.425307 0.150700 
0.451217 
0.604820 0.598561 
0.850930 
0.444564 0.036312 
0.446044 
0.262497 0.525602 
0.587506 
0.166374 0.538088 
0.563222 
0.630891 0.290810 
0.694689 
0.097353 0.337548 
0.351306 
0.104601 0.590171 
0.599369 
0.361633 0.350817 
0.503836 
0.369933 0.625766 
0.726934 
0.164888 0.079258 
0.182947 
0.665481 0.589983 
0.889351 
0.332647 0.425258 
0.539906 
0.492655 0.029331 
0.493527 
0.636904 0.440822 
0.774578 
0.064924 0.647549 
0.650795 
0.334586 0.467976 
0.575282 
0.545991 0.355087 
0.651301 
0.041178 0.271975 
0.275074 
0.486845 0.457259 
0.667910 
0.672907 0.457030 
0.813437 
0.549612 0.597844 
0.812091 
